# white_amp(R mean-sqrt) : 2.6674027512284066
# time    color    white
2022.45616    -19.497600308861966    0.278029526023559
2022.4589    -23.420985598358826    -0.3007724068258284
2022.46164    -28.70435083394269    -0.7209347994327828
2022.46438    -19.757909460671314    -0.3733872917650274
2022.46712    -11.29963762390471    -0.23971533481828544
2022.46986    9.363140896095345    0.7874132766621074
2022.4726    1.3280162595217337    0.11192027462656196
2022.47534    4.34280070169749    0.484643900390326
2022.47808    -23.250696217572795    -1.5359003954343748
2022.48082    0.40018981402990583    -0.10540549671425037
2022.48356    16.39433798901968    0.5790054914071483
2022.4863    24.22712257150764    0.9228707401675784
2022.48904    10.675297834259464    0.1499862800792151
2022.49178    0.7085150964597915    nan
2022.49452    -8.536643495094005    -0.09691472367878795
2022.49726    -27.506790144360707    -1.1617163739456124
2022.5    -11.604948916063773    nan
2022.50274    -8.478801161539732    nan
2022.50548    -5.029779862725813    nan
2022.50822    -3.199333825872082    nan
2022.51096    -1.9859980108894324    nan
2022.5137    -1.243211425442794    nan
2022.51644    -0.7759770858618799    nan
2022.51918    -0.4848293637437729    nan
2022.52192    -0.30281554329839094    nan
2022.52466    -0.1891557394668614    nan
2022.5274    -0.11815248776459092    nan
2022.53014    -0.07380273284041379    nan
2022.53288    -0.04609988740632276    nan
2022.53562    -0.028795725813546252    nan
2022.53836    -0.017986884151604345    nan
2022.5411    -0.01123528088128306    nan
2022.54384    -0.007017976348067535    nan
2022.54658    -0.0043836904254290505    nan
2022.54932    -0.002738216920436749    nan
2022.55205    -0.0017103926595060837    nan
2022.55479    -0.0010683751987777637    nan
2022.55753    -0.0006673470909415832    nan
2022.56027    -0.0004168499420164175    nan
2022.56301    -0.00026038005777244937    nan
2022.56575    -0.00016264311824860838    nan
2022.56849    -0.0001015929716979228    nan
2022.57123    -6.345876748584167e-05    nan
2022.57397    -3.9638717410581986e-05    nan
2022.57671    -2.475982287247182e-05    nan
2022.57945    -1.5465907903001452e-05    nan
2022.58219    -9.660579244573084e-06    nan
2022.58493    -6.034350850199509e-06    nan
2022.58767    -3.7692680644311883e-06    nan
2022.59041    -2.3544046781396525e-06    nan
2022.59315    -1.4706152240294104e-06    nan
2022.59589    -9.185465212823368e-07    nan
2022.59863    -5.736703013832501e-07    nan
2022.60137    -3.5819378740865595e-07    nan
2022.60411    -2.2351219094962494e-07    nan
2022.60685    -1.3924498431856612e-07    nan
2022.60959    -8.638287180831697e-08    nan
2022.61233    -5.299960066005348e-08    nan
2022.61507    -3.1561264751329406e-08    nan
2022.61781    -1.7226048106571648e-08    nan
2022.62055    -6.750690740479536e-09    nan
2022.62329    2.243304008167419e-09    nan
2022.62603    1.1809747731393837e-08    nan
2022.62877    2.414677040594681e-08    nan
2022.63151    4.210185111942171e-08    nan
2022.63425    6.982889884405789e-08    nan
2022.63699    1.1374897870515228e-07    nan
2022.63973    1.8403681926772173e-07    nan
2022.64247    2.969771234599643e-07    nan
2022.64521    4.7873618489536e-07    nan
2022.64795    7.714220364563161e-07    nan
2022.65068    1.2428162120566414e-06    nan
2022.65342    2.0021349985892202e-06    nan
2022.65616    3.225243102120028e-06    nan
2022.6589    5.195411150073319e-06    nan
2022.66164    8.368889182104025e-06    nan
2022.66438    1.3480530855963495e-05    nan
2022.66712    2.1713899016182686e-05    nan
2022.66986    3.497521909418262e-05    nan
2022.6726    5.6334569591607814e-05    nan
2022.67534    9.073638887532548e-05    nan
2022.67808    0.0001461436773758601    nan
2022.68082    0.0002353805922035206    nan
2022.68356    0.0003790996642837886    nan
2022.6863    0.0006105599663572842    nan
2022.68904    0.0009833213592874944    nan
2022.69178    0.0015836342669321702    nan
2022.69452    0.002550390156382617    nan
2022.69726    0.004107246026169199    nan
2022.7    0.00661435068644344    nan
2022.70274    0.010651632447446385    nan
2022.70548    0.01715290203590212    nan
2022.70822    0.02762177760804473    nan
2022.71096    0.04447931605198567    nan
2022.7137    0.07162383311178572    nan
2022.71644    0.11533168962652557    nan
2022.71918    0.18571006741452803    nan
2022.72192    0.2990242102444504    nan
2022.72466    0.4814986252092385    nan
2022.7274    0.7751830340972321    nan
2022.73014    1.248577694781062    nan
2022.73288    2.008234255652275    nan
2022.73562    3.2430713731282776    nan
2022.73836    5.176290575658902    nan
2022.7411    8.544106241546368    nan
2022.74384    12.77980622702186    nan
2022.74658    25.02265545439298    0.6032372938316364
2022.74932    34.49909462838172    0.5307903916674519
2022.75205    30.813795172288863    0.6263942222617267
2022.75479    26.68735672874044    0.6685328280160476
2022.75753    6.934751244124901    -0.45709313530953377
2022.76027    11.386310980006765    0.01874457651381789
2022.76301    7.669039214417664    -0.23043392372781035
2022.76575    22.317771170623168    0.7605230627330641
2022.76849    16.448178293581837    0.2768183918379563
2022.77123    8.691561143794967    -0.21309812550385132
2022.77397    13.756689141346767    0.18186812528985996
2022.77671    16.256209355680994    0.14946721991925926
2022.77945    18.67172886577977    0.008185435727316559
2022.78219    23.62551594160105    0.13581514397842653
2022.78493    34.88718421040452    1.3629272108817005
2022.78767    16.940142986964684    0.6070716630634685
2022.79041    -27.371826076341403    -2.1759625044063604
2022.79315    10.023321516030784    0.7400469672979497
2022.79589    1.292767831425512    -0.11007470055255286
2022.79863    13.06157873378903    0.5481350930353255
2022.80137    4.4200207101012055    -0.07512290945405908
2022.80411    3.1085458683752947    -0.32061076239802055
2022.80685    13.723411273687551    -0.3846694801228008
2022.80959    29.63462040657531    0.8628029751793918
2022.81233    24.678640601436385    0.3860151006864463
2022.81507    21.850165963738917    0.39003429704689907
2022.81781    16.53086197730324    0.49319591044145383
2022.82055    -0.8660053526953151    -0.41769587317608536
2022.82329    -7.889315388344862    -0.6943254379168007
2022.82603    7.665849696256259    0.5582594074407146
2022.82877    -0.46149466643056103    nan
2022.83151    -0.739796588495059    0.10438232037725115
2022.83425    -10.15662784778863    -0.5464392281044521
2022.83699    -2.5338303192953893    -0.12931117551566196
2022.83973    4.951469038825179    0.13314526547987704
2022.84247    10.389231528446373    0.45110204326732983
2022.84521    11.126885273062907    0.5773241578706845
2022.84795    -15.077688751261187    -1.2460712367859923
2022.85068    9.102282426479366    0.5524210948412449
2022.85342    -0.06195280598844555    -0.2966038270237288
2022.85616    14.406857951201028    0.6285512431639848
2022.8589    2.862930821777957    -0.025695568432968052
2022.86164    8.070608722759603    0.6756668368127752
2022.86438    -19.39175347625828    -0.9451982445884397
2022.86712    -13.672531122182779    -0.34151107550379045
2022.86986    -8.588472102569254    0.0038666632859900574
2022.8726    -6.132747318291786    0.08427435081766443
2022.87534    -5.630030859833826    0.12431950306479678
2022.87808    -16.123171154019637    -0.6332598258066433
2022.88082    -9.211946197223778    -0.28960107947165525
2022.88356    0.87825773968328    0.08078639114329667
2022.8863    5.713868287409028    0.011733161692518479
2022.88904    18.58912778931326    0.708729663475097
2022.89178    9.344066099646284    -0.06757157948722892
2022.89452    10.969883073666463    0.1904552782135518
2022.89726    12.876165917106846    0.5733823256944568
2022.9    -7.2033641809098885    -0.6521759036070938
2022.90274    2.789308359998776    0.3537808241578837
2022.90548    -8.73781215141357    -0.31548658586968337
2022.90822    -6.751088569069101    -0.09484441189939652
2022.91096    -8.139324741635168    -0.19538925323540113
2022.9137    -6.036468205558258    -0.1835518949359436
2022.91644    -0.16363687637455016    0.061561183503889616
2022.91918    3.0726569075450514    0.04660592960413146
2022.92192    4.131140515826438    -0.087409664703749
2022.92466    14.525941236524783    0.5449262808782454
2022.9274    7.021566990581661    -0.020108515921998027
2022.93014    9.605792066216788    0.32853771085375527
2022.93288    1.602586706493648    -0.03278986953137597
2022.93562    -5.300585140748391    -0.39239656513355037
2022.93836    2.326032980696156    0.31910982358918805
2022.9411    -4.140777152167896    -0.07413408809268773
2022.94384    -9.361065923871468    -0.412995910558303
2022.94658    -1.9900268011916848    0.15692221338734758
2022.94932    -3.3922772259990124    0.000875190637413148
2022.95205    -5.771182754849974    -0.279144453070856
2022.95479    -0.7532101517003444    -0.05565597644057152
2022.95753    8.11620836017918    0.3160191742480549
2022.96027    6.024071569410797    0.049100198324101285
2022.96301    8.35718384169264    0.1562217206194294
2022.96575    5.455108831228547    -0.10225712551068344
2022.96849    26.34332652092523    1.0474930653923984
2022.97123    30.968832951697287    2.0589389484672225
2022.97397    2.4163123040903653    -0.3523479471382065
2022.97671    -8.435260345552285    -0.5672425681962139
2022.97945    -5.565719694195913    -0.006520792403652109
2022.98219    -10.224463927892138    -0.32008629385597587
2022.98493    -5.805811999900593    -0.11438755058782668
2022.98767    -2.0376821350704217    -0.06140203930100663
2022.99041    2.753645633689518    0.06501374062747045
2022.99315    9.01719714114318    0.3158226824503547
2022.99589    2.941496402269159    -0.2972882461837729
2022.99863    15.752565238518136    0.49837872948481454
2023.00137    8.833130731395398    -0.07874065105325023
2023.00411    19.2083843846294    0.7449568179179522
2023.00685    1.766383048345308    -0.3174070472269508
2023.00959    6.727861753734274    0.3114447450452795
2023.01233    -5.979367495297508    -0.3954391820270846
2023.01507    -0.7589957759433954    0.16423359390926162
2023.01781    -5.8301763340538155    -0.08960697653402327
2023.02055    -10.307178613541003    -0.4432955522694968
2023.02329    -2.9140454620564125    0.026423804578719956
2023.02603    2.377284302139948    0.2921381631983877
2023.02877    -4.923585972638448    -0.3554630155710843
2023.03151    2.307262842446998    0.15855576407359706
2023.03425    2.800277854352272    0.10437886423134524
2023.03699    -2.4734049102736124    -0.48935442596607004
2023.03973    11.614293191569127    0.3481531936831104
2023.04247    15.786794231308377    0.49478753126609476
2023.04521    10.951733774792151    0.14303173476409192
2023.04795    7.028448990867862    0.07286016578468857
2023.05068    5.323376612892945    0.17727273997511084
2023.05342    -6.215911541461064    -0.49049772443560524
2023.05616    3.7767930247141797    0.40173498866603286
2023.0589    -5.904854829856082    -0.23821170866422303
2023.06164    -6.965835179681871    -0.306529369130244
2023.06438    0.23979046256669623    0.15068564609749213
2023.06712    -2.4312509727076783    -0.2225775680594051
2023.06986    6.9198449124007055    0.2742196578061833
2023.0726    5.720833714182275    0.01409147645004527
2023.07534    7.067612695614551    nan
2023.07808    14.705900161877178    0.5883548792646103
2023.08082    4.341176574029139    -0.027500472300754808
2023.08356    1.7924860011400272    nan
2023.0863    -5.091827561270405    -0.3781937610059263
2023.08904    0.5543574508418554    0.07194816319321928
2023.09178    6.145157388549016    0.5701786155965873
2023.09452    -3.9972623647354495    -0.20510633818424084
2023.09726    -8.09815664717766    -0.42960675784980573
2023.1    2.181392769483477    0.25742647357523296
2023.10274    -4.171698974242633    -0.4297040301402184
2023.10548    9.6785940285251    0.3719587999670786
2023.10822    7.692295813763391    0.003799555451450054
2023.11096    14.32601382072988    0.4086634160751075
2023.1137    13.011306673448995    0.35575010392722106
2023.11644    -0.3530808728138002    -0.5536509255058402
2023.11918    32.291110314518065    1.5207830310466548
2023.12192    10.383070602111541    0.041898923781918285
2023.12466    7.6742905571128    0.15738875032535038
2023.1274    -5.95303836517586    -0.4146028260804968
2023.13014    -7.208817585605657    -0.2648755805247651
2023.13288    2.985563267894681    0.7283295491873716
2023.13562    -10.654575777395955    -0.5492370770051807
2023.13836    -1.8812776321776896    -0.4468449570248545
2023.1411    2.5014272864655043    0.1404707261626159
2023.14384    3.7475095513185552    0.05931414492281162
2023.14658    22.005950923991666    0.9607376386991398
2023.14932    8.536338632415156    -0.1143650345306515
2023.15205    6.665233587619554    -0.09227579001309572
2023.15479    8.813683479445132    0.204978170614865
2023.15753    7.778484630191139    0.0818496831284996
2023.16027    5.208346774227609    0.08953343373316436
2023.16301    15.676221805056098    1.7553708584580328
2023.16575    -5.8894942449636    -0.5483180009316779
2023.16849    -4.072729435850727    -0.13895185313013414
2023.17123    8.960105097233381    1.450802952394369
2023.17397    -16.43949994033139    -0.9293431763433837
2023.17671    -1.0797842740310237    0.226926863333611
2023.17945    -17.812671699892203    -1.3264841746140128
2023.18219    4.682326161336386    0.2888009439094228
2023.18493    10.985543106239874    0.4941673175518151
2023.18767    10.470065988465521    0.3171417359583284
2023.19041    -2.9899952017595384    -0.616485481372008
2023.19315    3.396365736539251    0.10160874897137928
2023.19589    25.180574878576504    2.120830808672654
2023.19863    -7.381436091471859    -0.4139185571256272
2023.20137    -10.105234560857417    -0.4878891027353216
2023.20411    -6.808634025631332    nan
2023.20685    -8.57948616830117    nan
2023.20959    -14.874894445354313    -0.4154399798757371
2023.21233    -25.47137605704463    -1.4180001927966543
2023.21507    18.115974188392574    1.2955778155055242
2023.21781    -0.5781133031520551    -0.708099526448793
2023.22055    9.679473898234768    0.23714819737743476
2023.22329    19.187716251934013    1.0333951902569893
2023.22603    3.586356037974289    -0.05834390619250618
2023.22877    -7.2028926909007485    -0.5605568966474195
2023.23151    1.2281229968146774    0.4181095518271234
2023.23425    0.12017519407151633    0.43810237994340673
2023.23699    -10.887516474767407    -0.3393494516229758
2023.23973    -10.314257993606358    -0.09559978627275356
2023.24247    -15.707434776728316    -0.38268904967834416
2023.24521    -10.545456618341513    -0.02240440002274191
2023.24795    -20.022758338347224    -0.5195705642453987
2023.25068    -11.495480531290315    -0.01754515470950757
2023.25342    -11.567325861593314    0.08668227912236759
2023.25616    -30.996863032534147    -1.1474051552772657
2023.2589    -20.398629097980997    -0.7056735718711771
2023.26164    -8.830727779977869    -0.029502379523790978
2023.26438    -0.4796491114709269    0.2679764423272202
2023.26712    -1.163036425256177    0.0050057299181363035
2023.26986    1.705864169067178    0.1946205383075048
2023.2726    -19.634455421561317    -0.7012409435688767
2023.27534    -7.798162826240683    0.33127113216924187
2023.27808    -12.506412041423358    0.013969507714444163
2023.28082    -19.957764527271486    -0.4546960410946994
2023.28356    -19.204621272639397    -0.4228467350416061
2023.2863    -14.685924285023585    -0.2513731066974856
2023.28904    -3.097613509218765    0.45604836908494484
2023.29178    -11.288964654276203    -0.2501464126962585
2023.29452    -14.90630752914152    -0.7245319029123642
2023.29726    -0.30364954853138215    nan
2023.3    16.382590394221786    0.9201175974563967
2023.30274    7.44651429219617    0.18380138794569945
2023.30548    -1.8660814859766814    -0.369150568641178
2023.30822    1.758985059959108    0.046350655057830537
2023.31096    1.782510858172274    0.17018715122170303
2023.3137    -0.004867929043951058    0.2119608767404051
2023.31644    -11.12511906226508    -0.406237807651296
2023.31918    -9.516008529577412    -0.14753340609220444
2023.32192    -11.181241576447086    -0.20778206581171688
2023.32466    -6.207595878435017    0.09974981009628081
2023.3274    -12.743225874233783    -0.5763097877362142
2023.33014    -0.5128522951548966    0.08771533846755108
2023.33288    7.015411439735595    0.36100611436999674
2023.33562    1.9543415983925803    -0.16876643392433
2023.33836    15.922528060002183    0.8789342694195383
2023.3411    -3.632452227561058    -0.5419922637801307
2023.34384    1.8514285291631052    -0.09572938492589467
2023.34658    9.575739605621486    0.5168788851500956
2023.34932    2.2069150364580112    0.03024430867791761
2023.35205    -3.0620276186514417    -0.14960784726628784
2023.35479    -6.015818043294177    -0.3378384684646667
2023.35753    -1.9009838686306169    -0.0885354365980735
2023.36027    9.727418669747946    0.7536830270086696
2023.36301    -4.731651954448896    -0.3089055125365725
2023.36575    -11.539106362699753    -0.817134305728457
2023.36849    8.857413849547155    0.6759291339727671
2023.37123    1.9611130636562306    0.06912465857189343
2023.37397    -2.632412744303844    -0.23418811520361693
2023.37671    9.82883326286197    -0.18650607360961757
2023.37945    -16.93987547403228    -4.90299183959414
2023.38219    13.375432608932794    0.6013906384616163
2023.38493    23.739416108312636    1.3636481460419354
2023.38767    -10.31641041581692    -0.846616741660279
2023.39041    -6.14730388903903    -0.27758001162497425
2023.39315    -6.99170772867736    -0.29031044959362884
2023.39589    6.862921459555068    0.7025035968133944
2023.39863    0.4239268382134318    0.1946557181414068
2023.40137    -21.00605504780314    -1.5172302179132338
2023.40411    9.354376470333175    0.5827555131247948
2023.40685    17.28459765319371    0.7182520231720453
2023.40959    4.438190831477882    -0.5644946711320902
2023.41233    21.920204737793426    0.7274959278710682
2023.41507    15.288756619517084    0.23784632022693764
2023.41781    11.483632272655969    nan
2023.42055    8.902717053849562    nan
2023.42329    16.522859793436794    0.8618175181025549
2023.42603    -7.132764484875143    -0.3892731454654621
2023.42877    -11.698732989252676    -0.3278201695947285
2023.43151    -18.92747616362523    -0.801527918166947
2023.43425    0.9155032987876597    0.45411231282737896
2023.43699    -1.156523963036828    0.027346605247589917
2023.43973    -2.369612982571036    -0.35652654937763195
2023.44247    8.852536928036361    0.12540892950845084
2023.44521    15.953489240717799    0.33005778547025777
2023.44795    21.79290580984015    0.4978389980488771
2023.45068    17.271599763272924    0.22712345947363133
2023.45342    19.88749351865748    0.5209593970819242
2023.45616    -0.831532141990122    -0.9491961932643731
2023.4589    25.102901106396992    1.0260266138243672
2023.46164    14.348832451801114    0.39116739045955384
2023.46438    4.059455337736672    -0.20819425836093686
2023.46712    -3.924454617573085    -0.5138210499581728
2023.46986    11.825789458860442    0.8450459311229714
2023.4726    -12.763480454546864    -0.8563717492536824
2023.47534    -2.525502478521487    -0.1872298089277451
2023.47808    3.8527131459878277    nan
2023.48082    12.394608853865165    0.10194213446015254
2023.48356    20.799096196087053    0.1995500703130304
2023.4863    38.11601155684954    1.482883803161613
2023.48904    11.678146323264205    -0.3792923719254695
2023.49178    5.052346983733575    -0.7565659456062797
2023.49452    33.687048628900634    1.7020648461352792
2023.49726    10.391173936915248    0.29037704287230426
2023.5    -19.544876613493802    -1.4838676663132695
2023.50274    3.9485926023222593    0.7070910690622636
2023.50548    -4.107540478088934    0.3449760985192496
2023.50822    -29.05983215769298    -1.4242438821398657
2023.51096    -13.873476323463732    -0.4376960225596207
2023.5137    7.570586787131019    0.9865950781074719
2023.51644    -4.959677268285304    0.182277971462935
2023.51918    -19.537945376723506    -0.6782606417399606
2023.52192    -19.116395460420687    -0.6438446898062118
2023.52466    -6.371931213401204    nan
2023.5274    3.7401159928562997    0.19573439542559523
2023.53014    3.8343285123456177    -0.2576415114211219
2023.53288    28.236172800468943    1.4759709101709362
2023.53562    5.765511921757349    0.07833631782194939
2023.53836    -6.627233636853395    -0.3024853205476319
2023.5411    -21.811528073879142    -0.2976119432062596
2023.54384    -30.804605673211896    -0.989736382132115
2023.54658    -23.987955442753425    -0.6982221165229703
2023.54932    8.079442921136287    1.2359072244960494
2023.55205    -13.742122083723897    -0.4458142512605594
2023.55479    1.3872627937921527    0.81547110878377
2023.55753    -36.11724759181739    -1.8943783030706385
2023.56027    6.655442481827653    1.0101086473789715
2023.56301    -12.434680831182929    -0.7276024898573095
2023.56575    8.816076349749185    0.4870006435404548
2023.56849    0.13838827730391667    -0.2755318799159925
2023.57123    20.131804443023213    1.284357701015594
2023.57397    -14.116253501685879    -0.9188553252793081
2023.57671    -3.690036115561819    0.2963445202163637
2023.57945    -18.597764890663    -0.46038631943321917
2023.58219    -22.088666885680187    -0.6406006948404368
2023.58493    -13.73167624471872    -0.07550331956744216
2023.58767    -9.848004636128424    -0.04328229760442426
2023.59041    -8.546440020071628    -0.3350930803524701
2023.59315    -0.9386410734120889    -0.2395310242264279
2023.59589    20.23825786690544    0.7806932475653063
2023.59863    15.901817357567504    0.30902416257429444
2023.60137    22.417740462737463    1.0794179868730183
2023.60411    -11.84352239604069    -0.9777338071792911
2023.60685    -11.386165168323402    -0.7601091723637907
2023.60959    7.635463082290748    0.4868809431753931
2023.61233    7.528906237074202    0.2569569300513246
2023.61507    8.375141597236224    0.36906835670893656
2023.61781    0.8348228504331501    nan
2023.62055    -12.247462966038762    -1.0068070560989266
2023.62329    3.8052705417610673    0.18265458412447
2023.62603    16.38371125332745    1.1416859616428283
2023.62877    -4.249753134315796    -0.29085301894360516
2023.63151    -18.62814487906398    -1.1834782973151476
2023.63425    10.113567731341917    0.8978393757288252
2023.63699    -6.204160507675976    -0.6646846697256414
2023.63973    8.71797938351719    0.12790390489887393
2023.64247    23.09391001222187    1.0628472037168066
2023.64521    5.587602543465461    -0.12248647430178661
2023.64795    5.996780574716707    0.372870497048722
2023.65068    -9.44288839639363    -0.28559083895489223
2023.65342    -17.484940510722694    -0.5456986714053222
2023.65616    -17.252043028673754    -0.38453029686947104
2023.6589    -7.863596969678397    0.4177090215991113
2023.66164    -16.44801989726179    -0.20939486366805227
2023.66438    -31.77842864939293    -1.5932660855947987
2023.66712    1.3865405900963617    0.42333996485335934
2023.66986    14.212253732065296    0.7776411207089016
2023.6726    3.3157773964989574    -0.44675414103843547
2023.67534    22.797681051551713    0.9482875281883842
2023.67808    7.94310404960703    0.07958001325139374
2023.68082    6.7595681155403184    0.9387407434649333
2023.68356    -17.167512596929495    -0.8590009639775573
2023.6863    -13.411914405691485    -0.4411878435550207
2023.68904    -7.655311099888841    -0.12540802959937736
2023.69178    3.95047151630135    0.6407583722595764
2023.69452    -4.462581819033417    0.22647030598054663
2023.69726    -20.02120099585787    -0.6417977830498955
2023.7    -30.387457979392398    -1.4027473871961895
2023.70274    7.010329184050518    0.9713462915474613
2023.70548    -1.1965981587450427    -0.1480097245683809
2023.70822    4.272652280840063    -0.042586895780193146
2023.71096    18.373613448713005    0.8324221663795726
2023.7137    -2.96642923907722    -0.9491509292960947
2023.71644    25.895151845725948    0.9685159346641186
2023.71918    17.514358410084032    0.33146359866251984
2023.72192    16.790926731479495    0.4395968683624645
2023.72466    -0.11115137335702041    -0.4707592779455463
2023.7274    4.572763965443896    0.1351987912150321
2023.73014    1.7538580810019804    nan
2023.73288    -4.5265552625104135    -0.5765710113600573
2023.73562    12.84006878260043    0.5556682067125926
2023.73836    9.649013593337882    0.049593705161660395
2023.7411    9.325254620086083    -0.12000145872442936
2023.74384    26.147968246714456    1.0677656930783037
2023.74658    1.9283081216933073    -0.7971467872991094
2023.74932    18.498668667334634    0.3516642068786453
2023.75205    22.114365253718297    0.8601621280099643
2023.75479    14.806420779921048    0.697319898763066
2023.75753    -29.637317564886906    -1.9243415004056708
2023.76027    -2.343923408502776    0.42064035674078415
2023.76301    -10.099207381286293    -0.0802370856251251
2023.76575    -7.529676212437919    -0.0006680904465330428
2023.76849    -14.680751327270503    -0.595029261288964
2023.77123    -0.6015708792823276    0.28546358492602675
2023.77397    -3.2286293951127654    -0.12182578259186005
2023.77671    0.7796669159995488    -0.058699807333820964
2023.77945    5.307186486176349    0.09114237682399207
2023.78219    11.992763064174946    0.38911150886963064
2023.78493    3.927662651390916    -0.2556975509992352
2023.78767    17.808039919962404    0.8601023817520783
2023.79041    -2.890981928977437    -0.5375142552689804
2023.79315    3.7663826459969743    0.11447390435451954
2023.79589    2.635803107592099    0.16108133550915094
2023.79863    -9.343640447712655    -0.13665186771680382
2023.80137    1.6581051971920782    1.691049259878505
2023.80411    -31.031232205886003    -0.9825426308476501
2023.80685    -32.90235101089836    -0.9686302324430827
2023.80959    -22.884443161391484    -0.4380476210057829
2023.81233    -5.205810289717028    0.33812835282915277
2023.81507    -4.0211291155229265    -0.08446526027852386
2023.81781    2.364910294909242    0.09838469498008173
2023.82055    5.7226553152502895    0.21655590193046237
2023.82329    7.124700749478368    0.19760659755014576
2023.82603    -1.7146162175201622    -0.4728496745206092
2023.82877    16.89057369820056    1.1183777880438193
2023.83151    -2.9513617658422104    0.06515679047703049
2023.83425    -21.129499206495346    -0.8449712447410604
2023.83699    -20.041537293817562    -0.4157197637378758
2023.83973    -13.476533831425806    0.14257662085324085
2023.84247    -21.094830782434954    -0.5089955211359687
2023.84521    -22.040702266649767    -0.027192382229429768
2023.84795    -18.9405637285201    -0.3849195026868024
2023.85068    -10.160134497854749    -0.11767054264482546
2023.85342    -3.4535770434232926    -0.06988671255163581
2023.85616    7.521846194784697    0.41514750892855634
2023.8589    7.799154798115706    0.3050363020555542
2023.86164    1.0159868666124825    -0.1381245983701347
2023.86438    3.65503757332431    0.20215722432804162
2023.86712    -4.363870743949397    -0.29354737307516743
2023.86986    -0.27251947522562436    0.10564906571645039
2023.8726    -0.7367366148698603    0.26603833406780353
2023.87534    -8.796248995077107    -0.07254745220078718
2023.87808    -19.13969047625615    -0.622155717302384
2023.88082    -14.144445090487496    -0.2064428992452303
2023.88356    -12.147134936615224    -0.28828717722469577
2023.8863    -5.815157076884221    -0.20059212547935434
2023.88904    7.708702276154394    0.39938456683905343
2023.89178    6.363463534210648    -0.02663600069750416
2023.89452    13.833614970994732    0.3360065514968529
2023.89726    14.238441045494625    0.36840744456703334
2023.9    9.209817421859544    0.1385387594940184
2023.90274    3.869558370459053    0.023983222613454203
2023.90548    1.066013556835791    0.17602288380712117
2023.90822    -10.023831447122854    -0.2823155886363047
2023.91096    -11.162815470526237    -0.08913816526534113
2023.9137    -19.84085864604759    -0.55445027032345
2023.91644    -14.427810476263447    0.09060664620347403
2023.91918    -19.7815581855687    -0.7953475645995418
2023.92192    0.022068514344143253    0.2618849135243808
2023.92466    9.87929224647474    0.6676101791734617
2023.9274    -0.9433932324874377    -0.3442421015135242
2023.93014    4.45442859806328    -0.0759845189689452
2023.93288    10.822999617207838    0.22233407227382962
2023.93562    14.44109312721698    0.37218096618206253
2023.93836    13.2958496042686    0.3864113541119849
2023.9411    4.212473604209669    -0.060407983574684465
2023.94384    -1.6496341941686339    -0.2286617359105243
2023.94658    2.1728342089863157    0.31781240324416205
2023.94932    -7.308983873321106    -0.13148520520208606
2023.95205    -12.107134717048142    -0.26647355251554394
2023.95479    -16.549493796483294    -0.45781639500038906
2023.95753    -9.98732180242118    -0.0557373022035943
2023.96027    -9.551610558377284    -0.3288797199108249
2023.96301    -2.2490616596166046    -0.17125297511006066
2023.96575    15.106947977078274    0.8305463486123461
2023.96849    3.587385729924121    -0.1930182599842447
2023.97123    7.171241837257078    0.07710650419238618
2023.97397    9.816672653415445    0.3829660089467204
2023.97671    2.078511567066312    -0.030018286027307717
2023.97945    -0.8973535524455865    -0.008649557356245285
2023.98219    -5.961241102203625    -0.10280961460607774
2023.98493    -6.410465314590569    0.08442401412514933
2023.98767    -19.09615206281306    -0.7957413273001706
2023.99041    -6.2442695980126235    0.08096230577679187
2023.99315    -3.3721600489544232    0.13312834265640872
2023.99589    -5.5885559583022335    -0.1306392643707479
2023.99863    -0.5363035448928386    0.23186540995336458
2024.00137    -10.155844857617412    -0.5385170214795334
2024.0041    0.2634128705753125    0.04538856305310324
2024.00683    2.6219973407988797    -0.01537975209267417
2024.00956    12.550904822973353    0.547894717122027
2024.0123    5.128067860841375    nan
2024.01503    4.038781966691445    nan
2024.01776    1.7554672515929166    nan
2024.02049    4.720306823655918    0.49191010679482616
2024.02322    -10.115719716962815    -0.20879040473961297
2024.02596    -18.467658236075778    -0.49997654899020816
2024.02869    -21.91982776729497    -0.6991051520276805
2024.03142    -9.638364934962532    -0.03992656148824025
2024.03415    -2.362745905892364    0.11801821185180117
2024.03689    0.6871649305160235    -0.004801554053348589
2024.03962    5.777749994064335    0.12397577980490482
2024.04235    9.389083594105283    0.2248722284053546
2024.04508    8.421104059235326    0.0980237058565816
2024.04781    10.377804330900709    0.33913572203971754
2024.05055    3.284553548949746    nan
2024.05328    -3.6510934034155347    -0.2577663349674766
2024.05601    0.771724084894299    0.2944175551930104
2024.05874    -9.858119245186472    -0.308046320611588
2024.06148    -10.754735205940442    -0.2518877146515628
2024.06421    -7.682958169226939    0.02732667700240654
2024.06694    -11.016456300255102    -0.29606100376519784
2024.06967    -7.575305939185634    -0.20255620523116313
2024.0724    -0.4472768289518463    0.09576009397449425
2024.07514    2.430638309106583    0.03644513131907434
2024.07787    3.951652284648648    -0.073952210303875
2024.0806    14.514117097919954    0.4661279868208812
2024.08333    5.942585918125588    -0.3669340104315397
2024.08607    23.323178770980878    0.8392975831108167
2024.0888    13.068230166919358    0.17469571419738905
2024.09153    8.426410086630941    0.08945747234201562
2024.09426    2.152595576291503    0.12860490202323405
2024.09699    -7.345516066531863    -0.2155013520652762
2024.09973    -12.418117345426722    -0.39321032669513656
2024.10246    -5.52329497395742    0.25364462794596765
2024.10519    -19.795954895072395    -0.7390875122999923
2024.10792    -17.07708067827399    -0.7316342676636225
2024.11066    1.1932059081425028    0.4163146992442388
2024.11339    -3.850165493406956    -0.3284440741560912
2024.11612    14.923494840465006    0.7021513738103327
2024.11885    10.3706159199179    0.053339938994302116
2024.12158    8.555937449873205    0.059579630718916476
2024.12432    16.28143513309556    0.8186639056440406
2024.12705    -11.458650166872676    -0.7620226063717332
2024.12978    -3.811413669357542    -0.03690301523739947
2024.13251    -9.33084980386956    -0.35134104555333856
2024.13525    31.53322170279691    2.5437069945318704
2024.13798    -30.534316864359635    -2.234057833624224
2024.14071    9.940588628176087    1.1387767622545049
2024.14344    -14.465952300796245    -0.7113286863040162
2024.14617    -12.388081685320133    -1.6520543503314595
2024.14891    10.424405908863633    0.5664224581678781
2024.15164    8.2166304028419    0.2013808827023844
2024.15437    7.741219780410226    0.09962599595542265
2024.1571    9.459896140171697    0.2994814874768732
2024.15984    -8.874223974291642    -0.9523205313353245
2024.16257    7.657793107600128    0.5256789615360198
2024.1653    -3.8436157879204647    -0.06594189440098397
2024.16803    -8.466980430720167    -0.039240445682537484
2024.17077    -13.524211231173936    0.11720993534223823
2024.1735    -25.29188000286712    -0.5182269155562658
2024.17623    -24.344709014245502    -0.47178700358177394
2024.17896    -16.88648711620529    -0.13955247970882212
2024.18169    -12.844806529686876    -0.19340392523255012
2024.18443    -6.952554375450047    -0.20108596317298044
2024.18716    3.23061276095998    0.29895820491500125
2024.18989    2.017755838892053    -0.006118744344232319
2024.19262    8.58069778941898    0.21160003000879613
2024.19536    4.9396806668952475    -0.3684134311734315
2024.19809    18.600408523148722    0.5493614549569195
2024.20082    16.635919201626333    0.4924108378248171
2024.20355    6.268185966214667    -0.06084357717568789
2024.20628    1.399577890968913    -0.01345139809798046
2024.20902    -3.479884175854631    -0.05590106179297605
2024.21175    -20.518380835331058    -1.1381843497780082
2024.21448    -0.2056174895078362    0.4279755783210737
2024.21721    -20.109096582342076    -1.3879974600283234
2024.21995    3.241584018115655    0.3413235108310033
2024.22268    21.112412998136282    1.2531634752056071
2024.22541    10.181112853772634    0.26948170659612636
2024.22814    -6.114946578559323    -0.8471035845951764
2024.23087    5.485687814022735    -0.05969692440735219
2024.23361    17.67866739421441    0.6368545852039489
2024.23634    17.996391759801632    0.6130526968095218
2024.23907    1.5487509783096776    -0.5416230508590398
2024.2418    -4.876641257849206    -1.016009408472124
2024.24454    22.13128278979114    1.3779531380264274
2024.24727    -20.17921927463872    -1.2030686132500605
2024.25    -0.3492688104745084    0.5779841753341134
2024.25273    -24.827226668944316    -0.9281872828939797
2024.25546    -15.15946738398453    -0.24227700723466405
2024.2582    -7.9742025883224485    0.16456386722096106
2024.26093    -12.937334778975758    -0.4746678049077726
2024.26366    -0.3935266315349364    0.18301672593713691
2024.26639    -0.585476143696496    -0.11836227425007129
2024.26913    8.674955419468343    0.3320417676929921
2024.27186    7.017873010342503    0.10642622883752662
2024.27459    6.936725367363876    0.11044270024422875
2024.27732    8.36184332028695    0.4139248218084095
2024.28005    0.652587876686737    0.057982224204228494
2024.28279    -17.44895223856723    -0.6003261918142684
2024.28552    -9.85196725387779    0.14880481978227067
2024.28825    -21.68723058025985    -0.6634753350422571
2024.29098    -12.241071031649945    -0.052148996701410155
2024.29372    -11.506391415944435    -0.22359039135614012
2024.29645    -8.491741451590201    -0.3684020037052811
2024.29918    7.160829168334455    0.35478818742808826
2024.30191    7.6019386768368475    -0.003326213471143369
2024.30464    19.927574232762055    0.6607536120310336
2024.30738    6.049522979147703    -0.5638927527497053
2024.31011    25.56332963576398    0.925967558582574
2024.31284    17.859185681500456    0.6423162368446214
2024.31557    0.19008852736794246    -0.1684576700819651
2024.31831    -7.849501684622613    -0.202246923198107
2024.32104    -20.85084616019711    -0.7672803006373101
2024.32377    -7.499401709810396    0.4207262991778471
2024.3265    -21.647459113386986    -0.5839574543008084
2024.32923    -20.93549936199075    -0.6425292354630052
2024.33197    -9.403930198818529    -0.014638756656843555
2024.3347    0.01004276051892461    0.3380902866134079
2024.33743    -6.544055239395547    -0.5334234857112037
2024.34016    6.251220540032033    0.05194706368934732
2024.3429    17.027873937554336    0.46305746341999665
2024.34563    18.980341868022332    0.3062020532545766
2024.34836    19.566925411372104    0.3227209124352868
2024.35109    22.23170692217633    0.7685051404678589
2024.35383    6.066597384583658    -0.04776309068648654
2024.35656    -5.2012368960471465    -0.35465612004580915
2024.35929    -0.6900734652558214    0.46553972495535234
2024.36202    -28.795878641526908    -1.289878715854421
2024.36475    -15.98850866371344    -0.35384272291764063
2024.36749    -0.9709556979430396    0.5780082341666948
2024.37022    -10.16589832331973    -0.5705118319993048
2024.37295    -5.847339818699616    -0.6273288395486531
2024.37568    33.10956518080903    1.9824933202056414
2024.37842    -4.782215130287041    -1.0493374952136687
2024.38115    12.138306701679129    0.11020152246030257
2024.38388    21.015609980048808    0.8188140008279277
2024.38661    12.192392104838806    0.23487977738298227
2024.38934    -0.19835675900675032    -0.4757600440621017
2024.39208    5.350446230268364    0.07880168372979313
2024.39481    6.56338529224809    0.1740228844673366
2024.39754    4.254309626587082    0.096415259057272
2024.40027    6.525206016271871    0.4436723394630837
2024.40301    -14.274012895571818    -0.933256518508303
2024.40574    3.350892781784596    0.5679215153781794
2024.40847    -4.448298929505869    0.09826832618804993
2024.4112    -23.035400169218597    -1.3794073119566939
2024.41393    -2.469477996780977    -0.10849535958163559
2024.41667    21.10297033690047    1.3597130575927032
2024.4194    -1.0008304703134887    -0.39064803267972037
2024.42213    2.3484678046778447    nan
2024.42486    0.1910862276198968    nan
2024.4276    -0.5662433848606935    nan
2024.43033    -1.9193230026220824    nan
2024.43306    -2.811089316878518    0.0873485459704062
2024.43579    -7.553731344849119    -0.10972106178813235
2024.43852    -17.960060106107516    -0.6416016331490901
2024.44126    -10.44902873541797    -0.18950683097135723
2024.44399    -5.177317350679388    -0.09779922558933762
2024.44672    2.725730952335292    0.16340388458000454
2024.44945    7.66904174772699    0.2853969546300412
2024.45219    2.6412492390137605    -0.2198528063045022
2024.45492    13.093283488213078    0.5944438514181485
2024.45765    -1.3186638224062546    -0.4261185428174836
2024.46038    7.522676494218793    0.29910385701622744
2024.46311    4.053218730290169    0.9352556867060642
2024.46585    0.8781277408749137    0.2772345049329654
2024.46858    -11.781350327443915    -0.2974093638987281
2024.47131    -25.557453732773688    -1.0570299058690722
2024.47404    -6.3435218249123535    0.5903955826917082
2024.47678    -11.31511387876688    0.3232845524720833
2024.47951    -42.382184575212875    -2.150204364927106
2024.48224    -7.382873572570014    nan
2024.48497    16.605733026062033    1.167907987801705
2024.4877    5.9129999846051735    -0.18790671360163635
2024.49044    9.776278774628198    -0.10212647970509714
2024.49317    28.0974513747693    1.3222176945204893
2024.4959    4.853518003885308    -0.1894341460256923
2024.49863    -5.382237342849745    -0.5127830165393235
2024.50137    4.500755293056633    0.5414732554150081
2024.5041    -19.178925726303518    -1.1449121002644347
2024.50683    1.5667988895871097    0.33790339793077573
2024.50956    1.2252086964181108    0.20456958397109326
2024.5123    -1.6416287059427752    -0.10690658435852285
